[[  30    6   52 -180 -199 -106  141   89   88   78]
 [   6   -2    7  -45  -23  -27   32   20   19   14]
 [  52    7   99 -359 -337 -214  268  166  165  150]
 [-180  -45 -359 1207 1227  721 -910 -562 -563 -532]
 [-199  -23 -337 1227 1251  728 -950 -592 -592 -510]
 [-106  -27 -214  721  728  431 -542 -334 -335 -318]
 [ 141   32  268 -910 -950 -542  692  430  439  399]
 [  89   20  166 -562 -592 -334  430  268  267  247]
 [  88   19  165 -563 -592 -335  439  267  266  245]
 [  78   14  150 -532 -510 -318  399  247  245  227]]